1980
533
763
497
42
2632
1193
133
192
2807
6144
430
611
5128
2880
1334
3029
357
330
357
463
85
419
554
3263
509
915
1175
1275
695
1093
389
278
1500
56
618
135
1472
742
3186
1917
817
2361
1100
1054
367
413
378
323
2978
3726
979
1509
929
262
51
5704
1163
2235
21
1255
288
421
190
289
1186
2708
2185
1074
1692
217
2914
1049
88
512
1250
92
138
1103
2083
684
745
202
693
1103
295
51
3409
1481
1282
483
415
2545
3701
993
1290
281
1368
3937
392
1003
6877
1302
1581
72
4977
59
274
782
1776
367
413
952
1916
278
96
3975
260
3227
1140
3812
173
887
140
3810
923
9
2056
877
2984
584
4944
1475
139
568
10
1849
563
1735
966
301
383
190
1581
2071
42
547
395
372
624
3041
970
1956
572
176
346
1933
714
1046
415
5330
2164
2691
1472
1051
1677
47
215
1332
4331
1105
2256
937
2797
1392
1798
829
2127
1729
2
949
1240
135
244
1348
478
2710
861
598
5001
1971
500
611
1859
826
7977
68
771
539
448
618
2066
1048
679
1183
1317
1352
592
111
357
116
1460
278
73
1063
1353
767
1069
2654
257
316
523
1702
976
57
939
503
3031
69
68
1904
282
647
985
2238
1895
2057
301
648
786
841
496
1382
977
3651
4194
138
2640
2919
8332
420
1256
683
2832
342
910
1600
1777
1787
2210
1069
150
770
1267
1525
86
57
92
1303
578
425
2787
992
506
1168
1654
1342
4004
617
1782
497
260
1045
758
1375
1042
1196
1987
526
2080
202
229
441
486
775
521
133
1519
1654
1253
3383
1984
577
2713
1114
175
1297
1813
864
167
5239
2210
1773
65
1996
711
2129
985
56
2260
673
548
172
2409
1141
197
303
128
1383
755
177
1585
1042
1156
518
1315
2118
107
2099
10590
127
1074
324
6
195
1729
978
1178
2457
897
270
1492
864
2460
2247
89
1759
823
40
1554
198
1986
719
210
779
428
1250
441
439
134
4208
528
859
391
194
811
1168
1633
677
255
2746
1633
95
2079
915
75
13
741
522
508
1651
2965
1
767
155
247
844
667
1042
1949
635
382
655
2918
928
2903
324
968
110
460
2874
603
272
230
1316
999
2054
1045
324
2501
3180
2779
754
338
1121
10
787
1884
426
860
46
148
189
1227
3379
1395
302
205
2514
1248
1090
5070
357
945
1602
992
3156
3263
699
1697
453
269
328
515
2635
178
795
947
3978
1170
275
1569
431
2668
1106
3596
1871
726
1293
479
212
156
2827
1767
2566
1001
1328
6
167
1613
224
202
2361
2294
1189
646
1500
138
1711
1162
412
909
3095
1732
12
633
54
1136
28
3118
422
403
3432
829
425
1433
1119
2132
1528
949
1428
1628
256
3988
1036
3489
944
2397
1519
1767
855
750
1036
1220
92
1371
698
4682
1017
545
633
1465
3344
36
55
604
1153
498
812
190
3307
2246
592
692
3098
1790
3323
1327
2517
1208
2779
981
802
1847
2109
190
452
371
3478
965
729
4265
329
1004
749
1512
186
2325
458
345
1432
1844
669
85
1434
804
166
5274
259
1149
53
3350
3470
50
123
3208
196
123
1246
1785
2023
1023
175
1989
3857
3833
586
445
740
1769
6142
734
1929
44
592
2706
192
3325
326
594
907
1664
694
2939
1134
13
3972
1921
503
12
680
525
102
681
1814
434
765
1226
1630
1732
2452
592
413
2399
3546
186
233
492
340
2589
17
2166
1521
506
825
2603
1957
315
1390
293
161
399
844
15
396
340
1794
1432
2067
2691
674
507
431
1371
2107
841
2500
166
479
3126
710
457
2455
1133
542
755
1925
493
1572
99
237
143
1521
14
250
1703
336
2071
484
5740
380
1062
1222
1902
172
310
68
429
1186
187
4311
578
799
5260
362
349
4419
1436
2614
1347
1744
782
758
3122
1178
437
1253
1503
462
1315
446
930
2104
1696
1026
85
532
845
65
6896
85
1148
1114
299
3067
1928
845
402
3580
694
237
420
479
3696
2267
2193
1782
2525
29
838
161
488
2331
959
490
11
32
586
11
9
1311
540
2967
370
3549
1309
52
219
2399
1397
1968
1272
253
2074
702
2903
3358
1384
630
6182
806
1034
339
3165
3131
1639
2281
88
813
1423
2482
845
22
144
378
525
55
515
207
943
3502
297
57
462
1617
809
1186
1080
378
2038
885
28
2114
1558
3035
499
1348
1020
981
707
204
2082
3563
936
1033
93
3095
441
58
3163
224
1173
331
669
540
1387
2495
173
22
159
6048
36
62
2500
397
343
1159
2802
229
173
2400
92
31
333
863
1146
1053
2204
1043
334
1306
57
1930
486
126
316
140
11
89
3372
420
1902
1964
1477
1699
199
432
1404
477
554
2042
137
171
599
1957
478
1413
458
448
1009
3189
1257
913
1382
505
893
362
2571
190
133
362
694
664
1852
2946
1339
1955
345
4207
1531
2253
1165
226
3140
665
2737
1235
3274
108
2322
955
5863
6352
432
2290
466
1539
846
690
463
373
106
33
702
1706
1210
188
1797
3902
1614
473
60
2868
2085
342
2793
1628
527
62
5395
277
298
2350
519
1373
942
308
5142
1761
250
487
595
112
1092
1223
56
2345
289
968
648
218
8
516
791
1180
1919
431
644
2543
812
212
124
813
105
1331
877
223
3122
629
1377
280
68
716
886
202
1759
2999
208
323
880
97
4539
455
627
359
56
386
2909
301
367
1394
1432
718
2976
1760
827
444
1033
1187
1093
848
254
24
1346
1825
1352
2426
456
282
155
122
24
1176
2174
2945
943
353
11
85
1952
633
2837
2110
465
768
1233
1157
859
3080
525
2255
460
2023
667
1752
1101
3325
1133
261
18
250
352
300
152
21
288
927
830
1240
2172
1473
1855
477
2055
2239
3709
219
1598
41
1285
1180
1973
4495
495
4
3133
240
533
1607
2265
3679
3440
1064
1154
426
1284
521
1958
83
100
1275
565
3257
819
608
1737
90
813
783
1047
1873
1956
288
1319
248
1793
1120
350
2258
785
2672
515
559
385
2261
2304
698
1041
516
4072
4179
176
736
2586
223
551
1424
634
3164
0
2040
2377
666
1562
83
437
1575
804
412
3250
1543
389
565
244
344
893
724
1891
2660
3273
1242
1245
1208
569
272
569
191
5
3931
3939
524
4080
134
1002
96
506
1269
22
362
725
1957
2717
852
787
778
77
756
2698
754
4702
82
694
3436
309
735
1365
399
765
1644
168
3040
1724
3638
736
2225
148
736
1340
34
420
336
1413
4556
2101
818
1384
492
1632
96
564
2548
6267
1685
410
28
298
765
2398
3159
1318
2380
1893
1773
46
1307
20
3988
1765
1245
1348
993
287
446
64
1573
1633
3384
955
1211
1328
656
1406
816
9014
2183
688
986
162
610
247
1547
1535
1048
3222
115
433
106
99
972
1391
183
1503
644
608
1066
2562
2071
766
3832
892
1749
8
465
165
1372
862
340
1374
471
262
3938
2091
2518
1981
4201
6183
126
181
1555
665
2296
1955
2114
368
442
2171
888
393
2575
279
250
2504
362
2861
1475
89
720
133
145
557
1697
1805
2811
1413
902
301
926
874
615
385
97
48
3332
743
2599
109
401
1215
1064
2694
9
141
1206
1343
1418
1485
165
903
144
1515
1122
162
679
1427
321
1140
1114
1553
1769
3852
163
628
2202
906
1637
735
2112
1556
210
935
1047
648
1246
3436
919
943
1986
2429
1872
2423
1592
513
52
788
3668
414
2666
292
413
674
50
1125
2496
253
1564
2079
1090
579
135
634
1250
1986
920
1304
355
178
199
262
263
402
683
2391
1153
1970
5055
1813
644
2411
1999
1490
1157
276
83
2968
3411
136
1002
1305
187
1910
450
1905
1570
424
2826
2093
895
2868
964
4437
2251
307
2555
1419
2410
692
3153
169
1888
950
1407
1308
795
1183
1126
1331
1292
36
1619
3105
1638
651
1307
406
154
1649
1531
68
1713
5941
289
182
1496
1421
391
824
442
1752
46
2793
1285
1284
340
1500
457
26
1240
1477
27
1010
234
111
2182
1780
808
147
158
1343
916
285
22
264
1087
8
366
3032
2260
538
862
1242
3782
1866
2989
375
2352
2091
1203
654
271
338
1107
5849
4956
1274
3089
880
1188
232
263
5027
4105
160
371
148
459
3543
2062
2989
235
1232
633
3620
593
4748
3537
2097
720
585
2484
1138
184
285
962
115
273
821
316
50
4932
1394
1634
467
1828
232
206
1580
301
346
483
3445
2006
1271
1738
535
109
4591
790
5216
1393
654
1834
1869
227
758
6372
698
317
2699
3609
281
3537
3433
245
2843
372
626
199
1370
964
2541
1635
1563
1167
1391
530
747
1414
263
182
3290
906
3460
99
1674
46
558
618
87
487
2060
622
1523
206
2463
581
704
9
648
1124
1061
2929
596
1053
299
936
464
1245
216
808
3735
1985
1375
2905
514
4480
282
2175
1420
723
172
1353
1520
2637
376
5775
1032
538
1107
529
523
2170
564
2392
1232
2650
3640
96
5015
2787
340
3216
1610
340
257
3136
930
676
844
3178
318
818
261
391
1214
20
3012
654
79
1944
894
176
2913
854
1525
1472
1860
294
2516
14
520
3193
1637
1790
926
7
1120
913
914
1450
81
1317
709
1025
1127
1032
255
555
673
683
651
378
1347
4113
905
2307
14
1901
619
56
3020
5
52
152
190
1498
158
1249
362
527
1350
56
3666
1123
157
1833
298
120
1470
617
472
1511
209
622
1652
354
79
5791
3106
268
688
1902
4230
561
553
23
572
723
712
3253
845
134
194
3568
680
1130
1343
877
91
862
1174
5391
126
698
643
2365
2693
469
296
1017
1397
2450
3906
1609
780
294
3
1986
458
507
1385
868
221
467
710
1108
2598
1581
16
6810
282
1589
602
494
3117
825
4139
2120
600
4047
2477
679
2832
871
876
1448
566
3327
1300
1666
93
1196
1101
203
230
552
842
927
2108
414
754
1679
3501
2245
10
692
2464
3558
2218
1274
2440
92
181
331
1427
43
2695
1093
169
3028
861
1420
2962
701
92
1286
971
947
388
1838
2052
272
2087
1909
761
1858
905
3102
180
1144
560
446
844
1989
122
2006
94
313
45
2076
1011
34
1325
2392
842
905
1898
4084
1494
3289
1030
1372
636
577
788
602
716
2565
127
3212
688
1125
3821
294
1180
430
2766
3126
327
274
4712
3194
1526
613
2956
1058
2514
362
1143
2273
4207
823
755
3493
607
1868
1628
4452
784
693
945
571
2365
1291
4025
692
43
538
2261
1520
841
3757
1638
1011
101
3558
1225
3882
2120
858
610
672
1436
1254
14
4536
238
1459
890
38
2591
1840
476
149
1925
1138
2816
4001
388
64
1142
298
1014
500
961
56
1204
1528
818
16
3771
399
1261
604
2035
3683
95
1844
199
838
866
1047
1784
555
1410
179
153
1326
916
357
245
1121
1316
552
1238
1310
1917
2214
2673
619
2201
478
1329
4061
3588
150
2158
11
156
862
23
2525
3
894
117
1499
2716
654
816
257
935
345
1985
1250
501
682
2448
366
1790
623
1569
1715
1786
3507
98
811
2996
55
815
184
530
173
141
2977
1604
28
4102
701
1031
1354
3287
176
981
2639
316
1022
1836
766
1566
1371
663
1834
2321
1569
850
2176
996
2717
1267
1079
1948
613
2319
177
2583
182
1275
531
1352
1113
307
637
566
669
82
962
1932
460
68
226
1085
563
887
2026
379
19
1100
1370
1101
1020
1694
4596
1931
845
146
1094
1376
137
1371
2277
1279
331
1700
612
1398
613
2774
651
466
108
657
3218
2039
548
269
1221
1358
418
202
248
1125
802
4208
505
347
451
2699
2592
1551
44
3047
1666
390
1991
93
1147
485
3265
2314
2742
214
284
978
435
1448
1136
88
456
652
194
405
785
167
851
1737
2737
468
141
795
954
1871
945
553
2485
1194
733
2351
1813
489
3320
4222
270
1854
757
266
1729
691
578
559
1870
204
3897
1425
3014
1925
2634
1330
682
2397
685
3136
108
838
501
150
61
1684
623
1048
1740
5273
304
2901
821
867
996
1250
2454
133
1261
1389
2345
1591
37
428
1571
3899
1922
673
865
1122
1886
135
1634
1250
1372
2206
640
1108
881
158
74
1511
2806
59
193
854
127
1617
1592
1655
922
154
965
410
1186
108
1005
677
268
1291
607
152
80
1775
3212
1174
1004
1595
3057
229
735
103
1559
600
508
273
1938
827
404
374
1450
716
3152
352
1468
416
53
1080
813
344
1415
693
1163
108
173
1726
55
5141
2562
308
56
238
3576
272
378
1684
3324
668
244
39
1553
342
351
995
2991
376
1212
78
326
1556
1935
309
59
1367
341
606
2194
991
930
58
513
667
690
1913
2889
2035
24
101
694
1731
1744
1524
1974
4527
696
3900
939
806
1679
822
2078
2346
599
2682
925
688
4110
80
1977
984
885
314
560
1065
1214
627
340
4036
772
1865
170
1390
586
422
2190
823
547
1691
658
305
763
1028
2055
967
1001
1927
514
3024
213
371
81
731
2487
316
248
384
1093
1011
5959
879
3156
3599
5475
2322
476
646
200
811
406
1591
1792
1619
590
965
1013
2496
1136
326
1012
227
193
1542
2002
874
1277
2202
1217
1048
998
741
875
476
104
68
575
789
127
92
4767
43
361
554
605
1029
1506
1446
180
10
5035
296
1363
536
1578
237
659
146
1418
787
290
159
882
38
2244
1573
1495
1712
2273
1258
1844
1300
139
757
941
1100
356
193
439
2227
464
423
557
1292
2429
2772
266
594
1543
1623
4418
3684
214
2232
703
460
72
1633
701
414
3206
781
485
1832
663
613
267
4
129
146
351
1803
943
126
423
644
2167
586
2092
1110
3651
624
395
233
3220
3264
1671
628
1131
643
2409
86
743
153
171
310
460
775
1284
380
2701
133
1074
180
238
774
11391
1577
1959
1644
1569
560
1609
106
1570
703
115
694
224
4067
217
7
919
144
530
1243
465
842
379
268
6554
1712
2
270
3119
134
192
217
774
1531
235
1185
469
4588
255
830
3141
762
1246
953
272
129
901
2776
1256
1891
1904
894
75
391
1750
1198
1064
1716
840
3887
205
833
2458
2267
1443
949
1701
19
357
2302
241
268
3041
1134
1113
88
726
232
1404
926
3909
132
977
108
724
65
767
766
2206
226
1100
311
230
2820
51
2951
73
207
1350
1468
801
442
473
933
916
3391
173
3450
585
199
4674
915
1432
145
3919
650
342
1317
1166
815
2797
1028
1105
2505
1468
1886
29
386
3509
2050
2347
216
3553
124
319
30
753
952
326
258
1361
542
579
1020
879
73
492
896
91
1892
1099
1252
1634
2349
90
106
204
2097
2230
941
1738
1557
868
1425
3913
222
610
121
2343
378
1231
2938
376
663
1132
861
969
171
848
339
489
685
401
814
2925
2349
2549
1484
250
476
35
291
339
1184
531
160
731
88
1320
914
3
207
1359
1968
2196
913
93
2291
1850
61
1868
942
328
1942
319
1519
1033
133
260
2051
528
896
2277
178
15
1752
2687
3809
2044
107
469
1163
1614
982
1113
699
3
287
120
1811
304
5439
3560
1084
186
2088
4014
493
2459
1303
475
411
881
881
3009
4181
1555
3911
4441
3435
468
929
1007
528
362
69
116
1850
209
609
3085
208
1945
933
305
5454
789
1021
1751
3303
227
3148
3
501
809
916
514
21
1552
422
2026
672
1268
89
1086
3586
1615
2330
652
324
2724
151
2002
127
80
841
981
350
973
532
736
377
1052
106
539
2970
422
1858
1399
375
199
380
118
844
1326
128
735
532
1941
340
3408
1420
837
94
3140
667
669
257
184
190
504
1218
1403
299
433
361
1323
324
2123
162
64
215
1662
3112
1246
807
859
378
201
1851
1833
186
116
382
1627
1223
385
1275
662
507
1490
6050
2369
1248
1439
481
1318
351
732
1457
580
2298
1817
1110
613
951
777
1637
535
398
214
995
2257
375
215
547
3199
5
499
599
494
101
1485
356
1227
1409
863
428
1632
1791
643
1712
1986
323
2745
1798
1542
2694
557
32
491
62
1474
2898
2632
824
1095
1941
2755
2555
351
985
2378
123
1202
1325
1220
22
2339
1144
738
90
2913
1350
3893
35
2376
2274
450
523
604
37
87
1593
3680
2939
1629
2
3507
1144
4168
1169
1170
215
10
2881
1106
1285
2826
2701
1476
726
873
194
1135
135
907
88
3097
3988
2336
2073
148
947
1245
102
185
2500
414
593
944
1355
264
2122
1630
172
1703
3294
128
1476
2552
563
484
3435
996
717
170
1842
371
551
15
209
112
2769
1728
516
239
1782
1206
1603
1053
879
471
2906
89
2963
636
1397
1394
3766
1669
393
3926
785
94
1326
57
1867
500
878
110
1061
1130
155
1198
564
1148
300
789
784
1756
733
1902
1968
520
258
905
318
1263
86
349
690
206
757
444
1396
480
185
1136
2561
912
717
617
1218
4746
1421
4362
2040
1233
1817
7
153
787
24
546
361
325
3023
358
691
170
3028
309
399
442
8375
513
7013
518
3471
3051
5249
3746
285
2871
1590
76
29
169
561
195
235
518
670
220
195
3925
583
745
21
1420
462
506
522
569
46
492
715
7564
590
426
170
128
559
1707
1627
3420
752
4060
983
264
1381
1754
1074
2052
1660
139
842
290
447
1456
1772
4245
711
1757
1728
703
366
585
476
545
136
1703
665
1392
360
131
380
891
369
2562
303
2275
568
2290
690
2192
693
277
2174
1070
712
3470
496
2020
27
243
257
360
1232
2040
1528
39
5044
1076
447
1004
1618
1254
1091
1220
426
2
169
3872
195
2456
1819
907
186
1289
2390
1055
1581
852
27
991
2396
43
377
4034
1532
1644
172
662
642
1745
419
69
721
1817
2137
3793
1790
521
1426
2359
1437
222
123
143
657
442
2479
529
582
1761
482
856
378
1444
189
362
3675
560
2060
326
103
318
1029
1021
1845
1075
771
242
403
618
1067
3660
650
117
1247
423
1368
710
1495
360
269
4072
1844
396
1065
2126
414
417
1307
1504
169
464
110
407
194
167
958
3368
3283
2309
1282
1257
393
448
1
1137
798
324
310
972
1418
241
1141
968
2426
645
304
3020
956
344
86
192
163
1222
3583
1813
197
4397
708
1338
473
3501
165
312
698
82
659
427
91
1377
2053
257
1649
1824
1173
59
1229
1177
890
617
1476
1299
131
419
222
2429
8067
1897
1463
61
536
835
2714
1888
855
600
996
335
471
2044
2706
3413
28
942
1299
973
367
782
4107
2639
758
33
71
1169
2649
138
445
828
483
2096
21
77
661
2723
1636
794
17
1654
1604
376
147
1633
3063
793
1105
1186
1396
652
5919
182
1867
880
1808
1150
72
199
419
235
1280
3973
119
670
1538
5234
1598
38
450
204
518
445
457
759
882
5012
450
452
199
440
180
943
32
2680
2247
3365
621
233
22
2910
989
331
5356
4258
629
579
2449
806
972
3762
197
1607
1701
1012
63
1908
2061
853
1768
533
453
457
558
1463
165
187
36
216
3363
1379
309
2467
473
599
1166
180
93
761
832
163
99
2731
2237
2639
2377
1843
1839
448
793
351
3468
87
749
676
1241
317
1159
545
92
1369
357
1347
170
2698
161
163
246
1713
1028
837
96
548
2462
540
298
370
792
219
879
161
1280
57
2444
1431
720
592
543
1911
1623
922
1919
3789
91
590
3426
1309
216
35
342
5304
884
1575
177
558
1362
2070
2549
66
111
5977
1098
572
501
12
491
35
402
91
1927
3536
226
345
84
498
1207
263
1332
1024
316
1688
1359
3586
1144
777
1264
437
3150
879
506
432
1414
1361
450
1030
2541
10
687
655
2614
252
1348
1248
1011
3290
1333
4139
447
365
1234
960
5812
559
151
761
353
1240
68
408
31
476
1037
3424
490
2763
1777
45
2771
7009
1243
2666
2610
709
360
514
282
1075
13053
3246
955
1758
1926
5625
376
74
337
2160
593
1648
3577
3841
852
3520
57
63
115
47
106
458
305
9123
486
676
546
32
1669
2211
34
201
137
186
1256
760
605
2574
1385
1720
569
148
192
3493
3518
8
1637
25
449
710
4328
764
3526
356
1849
722
514
752
1000
960
176
3454
1686
31
1308
492
3211
6683
242
455
1928
1942
249
1096
1271
941
1048
464
2050
506
1571
206
182
54
2874
815
446
331
1087
394
286
204
2051
1048
2580
143
313
1912
291
895
2749
827
1269
787
1776
17
2479
816
1023
1008
1702
2264
499
1585
205
1307
676
49
1399
1372
304
455
3680
1173
1242
1645
1301
695
348
1631
235
152
1606
2548
241
2903
1178
1209
2273
593
303
1282
679
1966
587
381
1676
554
142
2249
1645
1789
252
1708
617
2109
1006
2355
58
1407
1179
1782
226
92
607
355
3184
1589
1551
227
1147
475
4355
1605
23
2443
152
184
493
75
1052
211
379
455
1055
1258
1347
1391
647
1063
1160
348
1699
843
527
185
110
96
1200
707
60
327
431
39
5455
299
3680
406
4097
385
373
3363
292
1133
1144
935
955
931
836
2430
1162
1880
1750
3611
1038
240
10200
2324
4935
1737
846
2488
1784
853
1209
2042
584
250
2618
2943
1885
206
4243
319
2059
392
698
32
877
87
1247
349
673
1422
498
1677
639
66
223
712
541
159
2083
364
331
295
131
441
255
4023
2718
371
2488
551
157
1831
724
923
847
3810
456
4
1188
1030
2955
705
4042
1382
507
1272
701
614
30
1145
308
406
1456
1028
1992
733
1802
1867
1320
2591
3753
600
3015
522
2098
329
125
119
84
73
3101
2020
1943
71
911
103
141
3279
5517
2435
265
850
2364
1835
1601
770
335
220
550
1223
408
1429
1804
474
963
4287
1037
447
14
531
602
115
890
389
1052
2294
1567
1680
1031
36
235
619
226
2143
366
1190
95
1085
2884
217
1095
1392
106
831
548
746
2443
1905
2473
127
900
1551
273
1414
470
317
824
114
509
22
171
880
181
285
1528
2907
655
1649
3309
1631
460
1285
1483
528
2449
495
856
541
2041
5197
2346
789
2316
3137
214
955
613
117
2830
70
2014
497
141
2231
2129
1208
134
117
2039
1550
699
2167
760
2274
1516
832
1061
264
69
583
1593
8
1082
1401
130
785
2623
1955
1674
1825
28
829
1438
1531
6390
1893
148
3051
212
197
789
1434
1957
661
160
3267
565
1541
739
2137
196
439
1596
225
446
1615
889
2495
2505
1811
2599
544
2538
664
30
1776
360
2289
907
258
1291
724
864
2004
58
1573
743
1630
20
1126
610
525
1916
2332
1731
184
501
1476
1796
1299
1229
228
2806
3531
4546
837
246
1907
2603
367
217
1142
853
636
346
667
187
470
395
3855
1432
570
369
799
1962
2833
2004
692
2555
1036
928
2237
1810
2307
1102
85
2689
400
694
334
1102
58
52
428
1294
101
265
998
308
2659
839
2949
1343
1295
1055
5082
1058
1460
381
2859
2686
805
1204
749
2222
1605
817
1351
102
1633
5754
2954
180
1212
883
83
31
1042
879
292
318
1605
2
40
5319
797
2161
5063
697
530
939
480
2896
2166
268
45
5368
1729
519
188
690
1217
1247
700
729
2572
1998
1443
440
2984
638
595
823
949
117
255
67
200
1512
602
2445
575
2299
3081
804
1216
340
698
1452
1990
981
344
737
1594
2603
350
437
1174
1301
657
236
2048
279
2248
1987
535
548
575
646
1148
640
1489
954
124
335
1343
861
1749
1324
550
1337
151
223
355
2757
2759
499
1429
1079
3723
1021
190
1146
2342
558
248
1581
1707
900
3803
1448
312
1101
3385
1370
1464
942
624
1017
482
912
307
5547
253
634
276
1980
1618
838
2163
640
925
456
2334
22
629
355
869
326
1198
305
1769
1397
1452
573
34
786
403
2379
285
4089
1652
209
3753
1915
1064
1075
2552
281
1823
145
3722
4907
1287
1452
1092
307
1628
894
750
222
2638
597
2175
1404
93
1000
102
261
157
465
1805
803
66
1498
534
853
636
1993
782
1827
179
4657
218
410
2763
783
84
871
318
1184
339
3558
350
408
2586
1332
2877
1220
1338
203
791
82
820
615
2303
54
70
767
1051
1467
800
759
433
473
580
3962
2175
2774
804
1634
1260
256
317
354
4116
3919
910
937
626
1705
1971
929
308
891
3578
594
898
308
360
1060
2037
190
857
65
1005
1431
1586
514
3393
1084
840
2539
466
965
2618
1228
500
362
1386
1366
4251
1812
1397
14
633
2319
88
2127
6059
1417
3478
562
930
427
824
1424
900
3147
723
143
369
1567
984
600
2529
149
2691
1282
612
572
85
707
118
395
80
69
273
2840
807
1021
2356
197
935
973
2521
2516
606
73
758
2455
1056
1290
249
106
354
1066
4337
620
1016
37
3190
506
380
235
629
171
430
536
368
1703
938
164
2791
1032
830
3315
897
236
2649
1481
283
500
2851
1348
368
1819
2157
2478
1731
966
102
2728
493
65
884
2022
1577
422
3830
3526
2843
338
2358
1236
480
534
405
30
2464
637
1587
2237
903
2661
204
1085
808
262
313
1164
87
72
251
991
1637
110
1062
237
2053
93
1283
529
4854
1684
128
2412
1899
3952
669
2197
168
657
2612
2027
390
604
2102
433
1134
1283
988
753
1034
421
949
112
112
52
2197
857
1568
26
2454
421
1140
1069
292
8254
1026
4000
350
1453
2672
110
1638
867
483
462
136
26
921
959
684
341
910
3222
456
4325
1851
1826
3997
324
759
1302
1260
88
195
1032
411
889
3983
965
22
3226
513
643
181
337
625
12
0
45
42
1542
559
588
2321
1324
53
320
297
952
1689
1289
1612
883
278
838
426
3149
885
370
269
864
104
225
2177
90
1114
2827
159
35
414
417
859
620
2332
182
301
211
1648
466
587
1099
1764
1145
1260
630
165
1062
1521
337
3712
2155
5050
7102
3021
2241
1650
1006
2522
2358
265
140
372
407
668
405
5746
1204
3440
1674
58
995
228
1005
484
661
3957
17
228
3779
3981
2658
569
1592
83
1501
786
1827
10462
461
899
816
350
440
153
404
1639
1173
595
3110
2569
1701
3339
896
2055
908
698
1989
1027
3298
3291
169
97
1274
1610
2149
41
1883
250
13
3135
676
1324
3638
1776
262
255
235
856
1512
2009
4737
341
3806
1888
238
4652
281
1813
1673
1892
171
3146
3003
25
2086
3176
1758
1099
454
345
675
1504
320
208
1528
2440
88
199
428
1509
1017
595
1196
570
52
913
439
134
2717
2336
312
1522
4223
1026
2248
17
46
17
2991
2292
513
1079
20
524
1451
196
1115
1121
26
531
1021
4571
2210
1999
2178
513
1343
591
3693
2987
726
95
1308
1625
343
832
1681
71
389
1674
180
2301
801
641
2287
1446
473
1794
2985
554
410
50
2559
335
1486
344
3612
1481
7
672
153
237
1163
105
4094
170
432
152
950
1774
2091
424
689
3450
564
161
143
946
3025
2094
3365
1648
1065
88
1311
2643
720
67
292
1643
1622
3297
1130
76
429
35
394
518
17
157
3700
429
671
4142
468
2077
451
108
1295
2867
1802
1695
429
1637
3805
1007
749
491
3190
658
810
1622
1463
328
912
541
280
1855
539
1940
2735
2076
722
633
2829
1183
7524
600
1828
1007
391
5484
411
980
688
2531
475
1586
1958
1508
1582
946
152
1280
130
0
736
668
1049
1292
983
2072
42
1045
8097
376
453
3408
1060
1995
1729
1053
330
452
443
454
2939
2573
287
668
2327
525
491
769
1352
36
1095
1034
5359
813
2055
221
5469
553
4
993
83
1371
1018
1319
160
189
590
21
1563
1828
3098
2812
1678
5319
608
643
248
97
2076
1036
480
120
828
3550
797
4855
1346
3444
2235
317
4056
334
1029
4028
615
160
568
495
756
103
101
2112
2322
1384
198
192
1544
544
170
486
885
1580
1361
855
860
3331
42
1054
1387
60
261
261
130
659
135
461
824
172
4
660
904
517
246
961
846
325
89
1667
43
3078
277
2387
6124
601
406
5135
99
275
114
1778
575
90
176
1668
505
2309
835
736
439
310
509
632
530
45
930
707
139
1403
313
57
1366
680
2368
561
119
524
2578
367
489
1478
10
437
427
2815
1254
294
1933
2013
149
6667
372
3903
713
307
18
1536
132
811
862
1501
999
1373
3178
4902
1169
1021
715
2754
1798
185
578
2000
415
2038
350
507
363
1557
72
302
1108
861
4743
2807
1374
433
864
255
1339
446
2443
6174
3881
137
1434
2739
1218
374
164
469
8711
391
2016
1227
2836
1631
1534
2151
192
1730
25
310
371
1763
857
248
1834
312
4411
1341
965
6
1448
1645
526
99
1023
404
457
15
3157
3019
295
143
3735
395
1517
2629
489
519
96
1602
160
3106
1150
430
134
562
1960
137
6359
2717
1613
43
1299
1035
258
2339
973
3915
624
2400
1414
226
2147
1302
86
1398
3631
369
992
458
1034
821
1715
925
14
2217
913
1169
86
214
1034
1665
791
289
715
1527
446
290
1322
2492
998
781
797
1962
696
1993
1999
96
806
598
5054
892
1516
161
3450
46
3946
166
1340
1372
1637
80
1766
55
499
919
2171
3245
348
632
1802
255
1797
196
1563
608
29
903
1520
1772
1668
802
80
2624
1301
173
711
4227
2256
724
696
155
4025
1642
181
1182
1663
770
580
689
673
425
118
1265
542
333
162
167
433
2862
686
2835
2917
1951
20
186
915
301
665
2889
2506
2053
1344
217
1510
259
3779
588
1245
2201
1991
2045
563
705
449
1089
363
677
90
741
1240
472
357
125
1626
239
2123
751
998
193
381
1471
340
3356
245
153
1232
2020
766
2063
310
1467
3053
1816
3501
449
3509
903
628
1367
902
1908
1420
912
2222
911
2087
5214
434
308
1004
407
235
624
1291
571
189
2482
117
1937
1893
4097
446
3421
2
801
172
1123
615
186
969
484
9446
1934
2373
2617
161
1692
1656
299
1835
99
1223
1432
211
235
1068
687
167
499
108
2394
650
323
1371
200
609
1616
2395
1452
380
55
1288
1728
1140
876
432
368
772
1358
663
143
1919
539
1233
496
1074
1721
1145
1278
404
66
1359
2763
659
67
1020
550
1254
383
492
1030
737
379
798
45
2643
2083
3724
225
1600
2099
239
261
248
39
2208
1815
3956
402
1455
2060
2321
2808
1457
1046
151
3481
2630
2027
71
2605
929
557
13
1470
538
42
1971
849
357
307
1656
1006
5909
5
2407
1484
217
1480
1454
2150
2230
11
1415
1158
488
948
265
925
701
1297
492
1222
141
1819
1090
1814
4778
2294
580
1697
262
2608
1663
350
1740
190
2407
1364
189
659
511
243
751
1679
818
3285
84
2785
2500
1694
1769
2044
382
1436
260
3963
2668
10
310
126
599
341
586
2770
104
668
584
119
2801
1998
2109
2391
9
42
5714
4300
310
2667
1007
1026
3311
903
1573
10
17
2522
5726
525
674
678
795
2706
4977
1941
15
3080
2002
475
898
1396
981
1093
1795
241
5654
1039
104
146
1028
1738
589
413
77
501
717
265
1043
812
426
2175
7475
2402
1563
1721
483
239
371
4756
1499
1523
497
1216
1063
163
1235
878
568
4132
1084
699
941
98
1063
300
828
1113
720
76
661
185
1909
792
1371
918
229
3358
4710
5607
978
2545
423
338
3159
1017
392
830
334
265
609
74
23
4105
999
409
1122
1232
1245
2941
981
1707
3045
262
588
456
819
2633
407
4427
543
6973
832
5799
15
608
399
759
515
1569
1750
278
2619
86
1466
839
1912
1682
1413
2736
1498
701
525
503
1824
3254
5
1946
2174
381
4136
419
189
2480
220
183
928
1403
526
181
216
325
3454
2884
142
5862
4252
951
4789
809
1029
403
87
1832
175
1195
688
317
428
61
6662
903
2084
226
304
2417
67
164
339
1782
467
1710
2732
2061
445
338
686
38
983
936
690
686
121
2514
1168
130
421
2178
1142
1496
1610
76
3653
1357
229
2367
1253
80
761
1418
1488
1744
1664
78
871
43
1718
452
1513
1168
632
2565
1191
1650
1459
1011
1068
632
2000
72
2030
35
305
273
59
1749
994
316
4650
490
979
1612
136
699
485
266
1485
759
940
648
3532
3061
38
192
817
1081
1074
2579
212
1209
326
595
1052
288
53
1699
673
11
2137
1660
640
362
931
1144
770
528
2455
593
904
3075
461
73
2104
211
119
2800
1627
1065
1847
2674
2174
4267
361
814
2515
982
1550
3747
261
422
833
253
1809
1177
1666
11
652
146
1670
856
3137
1418
1264
853
620
607
335
1506
1267
1137
453
506
215
1436
2155
1181
492
398
1856
750
2339
217
3421
588
1911
142
504
897
60
143
291
439
3
236
362
1552
630
1477
842
1368
168
1332
1419
1693
1580
490
225
869
194
1575
1498
2747
1822
2546
269
1004
1387
250
1713
125
879
933
53
257
729
1962
247
119
533
1
683
444
809
1238
1974
30
687
193
1633
1433
2585
197
4033
172
850
3985
2157
2078
55
364
1712
1707
40
765
1839
3166
1588
1474
3547
1490
260
3864
1226
154
140
2556
3179
2495
1900
873
3734
5444
26
280
1742
1086
1202
1598
372
687
448
872
274
54
999
787
2529
1445
5821
1013
540
392
745
2509
1698
2374
572
543
725
3727
826
985
80
397
1760
245
2504
26
135
2410
1202
75
78
2787
411
2025
400
151
797
1212
89
270
1234
2758
159
775
3086
326
242
943
688
1423
305
986
882
1632
379
1224
1457
1755
36
691
192
2635
1415
2132
1817
443
727
2215
2888
997
885
2298
604
1863
471
3203
2950
501
158
1559
2551
222
1040
1189
2455
364
1874
3887
1828
487
1187
903
6447
846
367
371
182
1040
1963
496
2537
1652
1169
4092
3549
1488
131
2048
1074
1095
286
2577
649
598
1423
154
1576
28
2784
609
2718
428
2649
2902
1048
1585
131
1472
32
1234
2599
848
895
222
386
1552
514
309
1046
1369
256
518
332
1856
1914
180
1625
867
1022
813
2
146
870
495
3340
893
914
1526
1068
2826
282
414
981
1352
789
3517
135
1074
4985
606
589
8743
281
3135
75
61
502
1475
570
1065
2900
49
1539
777
3900
957
854
58
3886
2701
1012
681
3249
2614
2084
1842
2514
2503
6231
294
25
171
46
96
1565
1573
253
1061
3692
2575
101
2054
2602
2876
3058
1089
47
4590
1092
884
2261
952
389
2269
2220
1065
2006
921
2176
359
396
543
2879
1455
164
613
4268
365
2901
94
856
429
536
3950
127
1413
267
12
461
1220
1431
1558
1265
1224
361
693
3
1615
5062
338
638
3580
1309
3828
261
3580
134
854
2093
494
541
1148
765
28
728
701
717
1313
287
1118
2848
2914
155
1346
444
2994
1144
1878
288
436
613
2368
920
2442
3198
665
879
523
505
5146
1188
864
600
318
601
1482
1148
801
260
232
160
2079
3092
2066
515
2059
2356
542
999
407
1182
52
2006
2552
1406
1495
1363
2490
2230
4811
4886
358
799
144
950
427
191
181
2228
736
877
1204
121
344
2122
2666
42
641
2056
1669
1156
54
1271
545
2556
495
4815
950
2693
1313
3284
818
824
1202
1583
556
995
1029
1521
648
1413
78
1293
338
1565
1295
914
489
201
1666
1489
1182
475
1930
932
622
1054
2363
1014
1861
351
1102
486
1146
1732
2998
2956
891
25
1298
441
836
1003
1358
1426
1290
1041
1956
65
1181
4276
302
1142
3258
622
283
563
227
48
710
1145
2806
1107
25
2432
629
307
192
792
465
2348
1468
219
336
509
294
1258
1324
231
1384
4974
1762
280
1138
1084
668
789
188
838
1456
2048
926
929
627
756
1079
999
485
231
901
1602
601
47
3783
856
3123
2550
290
1638
632
410
1009
1043
1657
1770
1178
41
604
2424
3006
1354
679
1985
8
227
479
796
405
290
3710
722
110
655
6
21
221
690
375
501
462
2695
1866
1741
1259
197
1121
549
1010
1017
207
276
99
888
978
1203
2704
2243
3129
3932
1781
122
1191
1477
114
1671
2370
519
4260
31
741
1390
1284
1718
2282
223
224
3072
192
3082
420
1068
1597
548
1272
1242
1892
1848
33
306
3450
4058
1038
280
240
577
741
1890
3408
3739
190
78
1056
46
682
98
26
3230
91
2022
344
4028
1542
405
1039
204
2125
55
154
998
1117
460
461
1516
927
1417
242
4339
208
749
1209
455
2025
5396
1435
2531
367
2364
1537
444
69
74
4527
412
3537
2677
1778
1042
1548
2289
1011
2619
3395
1875
1146
1842
3884
190
1340
1713
1919
99
377
1553
4759
123
457
4808
2248
137
408
38
2079
467
158
2198
467
19
2837
1946
3517
1898
3591
156
1495
1185
2181
1818
3529
74
83
785
601
2980
217
61
3118
275
395
480
2079
1917
174
123
1509
2752
1894
1234
2406
2482
723
501
561
1760
361
2787
201
1600
1047
2608
856
3050
2093
1784
560
2602
1722
4653
957
2185
1241
2822
919
343
1513
948
647
2560
2520
1240
1238
4833
1886
359
1487
375
1033
686
363
963
429
525
1040
444
32
457
1477
1152
3478
99
399
1521
999
406
541
30
778
9
284
78
1241
1247
28
192
900
999
244
1540
1178
1423
3272
563
1366
1468
1786
1548
1298
115
438
712
1549
1637
2312
483
466
1103
824
331
411
440
3070
5803
745
320
859
417
4854
3047
3574
2328
1400
470
291
313
2378
3031
603
1282
569
135
1475
43
3152
2256
1372
1731
94
1220
677
227
1993
1211
1226
323
561
144
991
2938
259
1619
1539
1295
659
3505
1057
1725
644
1949
1208
593
42
31
1313
112
1690
1554
2128
348
261
993
440
1638
72
1821
2368
3057
1490
1065
1768
2712
1378
532
220
2412
1182
19
2710
2382
306
586
366
1514
351
976
887
988
401
977
1311
1715
1074
2620
682
126
1227
1488
489
143
354
202
265
1087
926
378
852
1806
36
849
318
197
4672
223
433
7059
836
133
423
807
167
5660
233
1408
959
421
2576
1550
176
225
1269
303
514
398
2326
2532
1043
2467
7622
633
1712
609
891
131
1845
2621
2919
3123
1507
407
610
33
1427
1102
2316
538
469
33
0
911
355
623
966
1986
565
3182
1249
1169
526
51
3611
571
520
415
3625
1730
140
627
1143
98
1618
924
4672
611
842
430
419
462
417
2430
2262
1671
523
365
2251
872
399
68
2280
511
1582
265
1306
1498
6081
1034
6381
1945
160
6
283
1385
108
837
3456
652
3190
1777
826
3204
3410
230
198
110
1108
2664
43
1469
16
2714
1047
927
1916
730
904
115
662
274
334
725
1186
82
3013
286
114
979
1944
876
1152
3706
2025
675
378
517
82
2217
414
937
245
699
324
1018
2892
264
381
983
2225
1565
1092
3639
170
739
1679
960
3159
514
1059
304
3270
145
1217
113
807
133
1215
2259
453
1146
1656
74
1410
1366
3596
80
723
1629
16
1920
4956
664
1732
1984
1643
1957
15
3155
1079
179
738
2072
1052
1489
962
486
1286
1151
2057
418
3233
355
1668
282
1101
1167
3501
5311
627
3222
1704
581
689
1053
833
297
306
95
775
168
151
971
1015
1508
594
878
5255
312
3939
122
1604
1669
576
2384
167
3268
583
1555
1490
420
3574
672
658
1606
2959
5711
1362
616
783
371
106
171
60
235
768
162
483
993
450
1611
1420
1523
1472
118
799
1609
2121
159
1807
183
217
717
1189
1500
1078
1564
253
588
331
1569
1747
1022
150
96
1355
1660
958
1745
1888
337
5328
340
3111
3542
5226
3031
2289
445
761
2672
996
2259
4642
251
931
272
777
262
3892
297
2306
36
1197
2071
2565
631
774
900
614
841
2612
2031
1753
301
318
846
1357
1479
119
796
291
3429
56
366
433
241
756
133
272
753
1595
477
315
382
902
971
299
1050
1160
352
1199
3644
777
4358
131
831
182
16
800
3340
1572
919
932
381
5129
2625
2738
1134
3812
1914
179
462
22
386
175
2130
103
19
2556
1508
167
393
1350
2984
36
445
1524
2768
715
25
1622
1394
340
15
511
578
67
703
1926
94
353
62
173
663
810
2089
1298
839
1783
764
3280
29
1242
1483
1609
3309
15
191
45
196
605
654
2807
1557
37
25
604
638
1453
3513
3048
536
1529
262
3190
608
1077
886
47
20
402
240
448
259
659
1399
118
143
999
3517
967
2580
1265
1425
1084
1553
489
3414
404
1571
527
205
1356
1060
177
704
1339
4003
1386
465
746
1546
1070
231
1345
897
691
697
72
738
3988
45
2239
1779
3793
171
1018
2877
193
1207
2351
1099
660
3826
294
992
1452
1344
352
727
1580
1609
769
3364
484
3084
4996
1963
2931
2482
1168
693
16
1138
726
1342
748
708
844
25
409
91
160
77
820
4014
1792
870
1847
26
428
487
1740
83
7061
192
1169
600
257
820
4564
1153
208
989
1078
860
1011
183
2182
389
1025
1183
923
416
850
997
786
669
3057
342
858
450
1732
713
550
4941
382
520
366
244
2854
86
597
1040
233
24
233
493
2560
1880
108
1610
923
258
551
324
1423
612
361
1606
3079
2647
881
1569
1622
872
506
806
2052
630
1233
983
1252
72
646
1533
1650
10557
701
702
1703
1333
1931
1321
964
80
1661
2307
3286
201
1833
59
1129
3193
151
1490
826
1288
191
274
662
705
1500
282
4969
691
688
25
938
1085
15
97
234
2697
305
2415
482
920
514
36
1092
53
1167
57
136
254
1450
431
35
5227
571
4341
571
146
614
594
2890
747
431
64
16
41
985
1936
930
382
1958
411
1371
892
2163
55
1024
3288
959
1333
554
660
1289
127
2075
1491
175
216
2324
255
961
620
854
2107
121
821
1094
50
695
4817
227
115
609
457
568
199
1674
3049
67
2859
302
2206
301
642
175
1554
1300
1801
712
158
118
1084
276
132
255
1281
40
1497
1181
1232
518
3743
922
491
868
177
588
1225
189
5407
729
355
634
1769
24
352
1003
1266
773
433
1532
2037
226
1057
732
223
32
3803
79
218
1037
464
4712
478
1480
1049
3590
335
3295
2463
1192
44
741
1060
64
3076
742
290
452
1121
287
2631
610
5
1447
894
1286
3418
386
426
103
2199
2465
1115
1141
74
2186
436
2160
3664
905
2391
428
1981
5532
364
212
1315
1251
8
207
136
4114
3150
186
1458
474
3261
609
133
702
2635
1720
1427
546
4906
1871
4939
1573
55
1610
915
1230
923
368
1543
187
183
491
1697
6245
2294
402
225
835
990
60
88
701
2360
45
656
430
2062
1432
126
2436
438
1185
1053
125
207
176
128
889
1622
1347
3733
2008
1391
122
1630
2935
286
2079
2365
2412
3314
256
485
1556
967
1988
169
340
292
4820
2444
87
123
427
2415
906
1208
5947
813
372
1750
865
1035
1462
2581
1354
552
3678
446
1641
575
687
484
898
282
488
1888
940
975
46
128
130
2540
1224
1422
809
3282
521
1485
3104
26
1809
229
1843
391
753
980
394
502
349
1685
5182
567
554
1658
567
753
470
1200
1465
422
1764
322
1009
1232
2444
1175
2094
823
406
32
126
191
335
348
917
2016
1388
240
109
486
478
3454
1058
531
289
3264
678
460
2201
2384
392
1696
606
83
947
2054
253
190
4034
2018
726
3389
4207
1404
4693
306
443
1926
373
2008
7
71
306
237
841
990
2873
261
699
2302
3077
847
230
1176
78
3029
2066
1001
656
65
870
2915
163
988
1299
1856
1411
2577
1443
394
657
1435
1368
3071
349
643
2015
456
378
1132
374
1246
1434
699
2749
2738
540
1249
7215
224
1047
1017
1060
3418
41
6960
740
101
43
1451
578
556
1455
1778
1786
1909
1700
921
3611
528
238
494
1017
418
1027
326
1488
990
611
1111
785
342
47
191
286
4043
634
228
246
1310
2206
3896
1264
1629
1902
416
220
1559
3032
60
1077
1193
240
2599
236
2619
5206
2514
581
4258
1554
800
202
274
576
2781
607
605
275
3899
1658
3644
1064
3755
47
536
1343
125
1283
292
695
1013
114
551
1501
885
587
37
3724
45
22
262
328
667
500
653
6
54
192
375
247
1158
1564
786
1539
2083
2604
1316
735
931
9
968
487
193
1999
820
19
780
340
53
5912
889
1846
109
530
1049
1157
165
1230
33
334
1357
45
1393
252
1293
2709
46
2290
1117
2220
41
2628
521
208
1571
2625
2059
2206
2836
1473
1049
2951
703
321
917
1097
2914
1125
84
1648
1978
1283
222
527
909
919
1532
1601
593
924
605
1851
1588
1926
66
675
1600
255
482
1115
459
452
43
1224
50
150
245
585
1074
3132
107
986
2491
1078
274
2921
597
581
2815
66
81
937
428
3092
173
83
379
27
743
380
73
55
529
1614
1765
1128
638
694
1198
2991
8116
1169
875
407
533
358
1195
3036
8011
22
666
469
1171
5333
1029
2465
1095
139
806
178
425
241
847
745
1069
30
3276
1247
652
240
1010
363
122
1130
1577
924
170
328
422
1677
828
1796
1090
1780
829
7
426
2707
997
1384
1108
2323
282
558
2032
5266
1379
990
750
979
110
472
1334
333
129
3398
1618
367
606
268
293
421
3514
516
1640
1082
171
1611
714
1275
140
1302
862
295
14
1197
1921
2129
325
1522
1333
233
717
1260
3766
663
155
930
1000
1816
674
293
840
247
1121
835
1450
1266
2035
1058
2650
5008
112
1740
724
3106
56
220
2804
498
637
371
368
1629
680
856
577
108
985
108
273
368
2481
486
1019
506
614
300
950
693
303
1903
596
1939
125
731
475
1588
1419
5
201
260
1000
593
65
22
4196
967
148
412
87
511
1114
1051
577
243
919
134
306
2450
511
4742
1121
732
1039
571
2808
2054
1377
1889
26
2322
3696
313
567
96
489
532
5394
2628
1005
1863
74
62
374
368
1327
1633
190
1073
144
501
519
972
1102
894
373
421
427
1707
185
335
731
3692
719
1115
2653
3507
286
2481
28
3707
390
630
4475
1058
2094
567
2715
618
4126
352
693
2437
356
313
674
128
1439
2309
3255
368
639
1298
1150
2341
535
2423
655
1612
2822
877
1383
2839
6424
569
317
513
3058
923
368
3830
4518
1812
273
430
1312
804
1061
332
520
34
773
391
494
95
1581
28
1184
1551
1115
58
823
1102
251
361
3388
93
146
946
80
128
369
174
1493
936
72
1533
1066
1253
2670
1022
1574
592
477
595
397
1295
942
1674
190
1207
1708
104
836
374
2006
1443
478
3924
25
691
368
508
2217
1482
541
167
32
934
278
601
2228
758
2699
1378
1887
793
1122
1130
1515
724
169
1427
234
148
1596
1377
1089
1868
25
1122
1084
1159
25
465
2779
160
2583
62
1951
2971
487
570
621
2320
915
368
13
1165
3400
1435
347
607
488
963
267
582
535
566
338
1431
5520
37
689
4126
1326
404
411
2163
171
1668
463
1623
91
279
1686
1075
2568
1636
287
2128
103
525
1483
1513
347
2288
145
440
181
145
54
866
204
2560
3076
1560
254
22
3131
106
2108
714
682
1731
190
1833
36
1348
1455
584
3411
1067
3596
3545
1193
1799
474
1919
189
471
409
2441
607
152
435
472
256
2645
365
234
972
153
1516
1057
2365
697
536
152
412
132
1664
2502
3028
499
3208
1340
83
1611
380
994
502
274
477
720
790
1167
1004
367
487
66
37
188
2668
753
3444
2060
3258
850
278
903
1704
404
753
1257
96
53
722
1113
445
1341
133
3388
28
1
153
1951
131
247
708
282
336
3953
258
154
760
71
433
2382
2622
712
78
1816
2388
3197
590
3177
938
837
1122
554
1609
1328
1775
39
2697
630
1653
682
194
342
2659
1269
55
4414
5163
339
489
232
614
269
827
950
899
1620
913
1363
638
143
165
242
192
2876
1008
1544
431
2273
985
2094
1308
918
3182
3077
402
1459
3573
130
1858
1886
221
93
176
291
1543
1437
36
1045
1487
5314
627
1026
1115
2974
148
1216
818
27
1325
458
5376
762
460
2259
542
1466
932
368
2034
1044
158
505
1041
335
319
1139
454
505
746
2611
74
803
2171
1312
988
404
6577
1352
1108
768
516
1622
175
1219
70
2234
446
243
912
220
581
1253
1378
287
384
2415
1919
480
105
1031
139
1828
1669
1829
106
1475
165
2160
1304
4350
1371
1164
1154
970
1529
111
308
383
1342
197
1177
583
348
829
92
39
855
682
460
88
1179
1716
602
698
428
3774
46
2836
178
1198
46
349
2010
1034
71
589
5661
695
822
1038
559
1868
1158
1887
657
1801
311
1456
1060
474
618
2317
1789
1820
1287
2074
329
12
2195
1138
871
117
2115
2128
799
1421
2413
1811
204
1539
333
975
1491
292
1552
12
451
935
524
89
440
8641
83
50
9
493
564
2109
368
242
2624
2537
4331
1062
770
1207
1236
2011
59
1181
427
1219
273
1158
322
102
1505
2445
85
248
557
1058
31
1426
4598
973
847
600
372
2064
1989
504
1674
1642
1641
2742
133
1570
1328
1149
373
318
2615
753
288
1382
948
1090
2126
66
410
556
2270
788
316
775
4198
358
2740
1945
592
2911
1256
1010
502
5825
332
141
4901
392
316
1163
1445
141
1321
386
133
4032
207
3650
1862
121
2991
1314
2702
1823
1373
1200
66
716
1027
1130
774
1601
766
233
1731
1159
1118
4395
475
757
614
605
1414
1152
942
35
2228
3101
608
717
3263
547
101
1142
1147
106
16
1908
5052
3216
459
3912
2629
462
864
813
1702
1040
2049
856
805
2682
1248
332
398
851
707
1517
142
77
4523
153
195
608
2402
4619
383
627
586
414
828
784
321
92
607
89
89
485
48
179
1883
1553
479
788
536
3694
179
839
1103
467
629
1846
1227
680
81
645
792
154
1723
1348
1113
1492
912
2775
148
243
756
2378
1160
468
1211
537
881
3892
822
2029
8
4073
437
3812
271
143
1332
170
1300
1498
6
1515
289
1924
83
280
1595
561
1733
23
4796
187
1511
379
256
971
3342
899
2512
1182
1179
961
3603
2539
734
117
1543
220
3458
170
1333
692
515
3294
59
1979
1222
632
3113
1940
178
792
284
1219
550
1005
75
1620
2029
3948
4276
1245
3355
1689
1726
2032
742
2278
3990
586
913
197
253
858
2308
1061
63
1659
41
483
2976
653
4811
1291
1258
1662
1378
2317
1427
800
2667
1053
549
853
33
816
309
932
220
322
978
765
134
2989
995
483
749
542
1166
1015
1207
784
404
273
1987
2926
241
2051
3030
966
1064
99
1049
630
46
66
1424
32
459
687
86
417
1351
2064
608
994
905
573
1537
397
2485
1273
2113
90
1797
477
1708
10
4663
129
569
419
2119
1551
1801
596
383
463
198
241
590
1215
421
1811
255
242
1400
1433
1536
4686
64
600
1869
1323
474
661
766
953
1682
2119
1005
1199
119
908
875
225
1890
1325
210
430
127
845
20
5391
1021
39
966
2146
355
2895
1170
4847
728
1020
242
1857
407
454
968
976
586
1582
3617
2284
3561
248
3291
54
418
455
677
838
264
226
2618
2342
108
166
762
56
67
1007
1074
1447
169
3718
422
251
95
263
5630
415
886
462
428
661
1411
8161
514
56
931
258
166
412
53
3210
1715
1425
2086
413
478
1055
201
1850
2992
1182
1007
1539
272
5093
1387
1125
862
210
941
430
28
233
77
1215
1
554
1133
23
556
414
599
857
1397
2692
1281
155
516
2512
672
688
198
993
16
518
2050
1828
2996
730
660
1671
592
4480
1627
2239
929
98
715
2675
1735
736
1269
284
635
698
1480
470
171
1001
1624
2387
463
391
163
240
77
995
936
170
285
1036
1637
2043
1030
356
3139
862
845
2481
210
687
319
2922
3127
510
3624
185
601
2078
4961
1951
355
73
413
6791
656
1296
847
132
431
1819
336
111
1014
1300
1017
228
287
107
1273
1233
1958
878
486
398
332
62
210
1247
1371
498
1724
246
572
703
34
430
805
4317
1061
1447
2790
752
3075
1797
763
374
1280
413
394
100
663
188
531
1061
20
1420
108
1014
2099
8441
1045
8
341
2134
408
591
549
1446
518
326
317
225
501
1357
1982
684
2866
482
610
3818
2003
1311
1689
89
2864
527
1522
713
116
20
1986
2074
746
1841
1718
365
1296
4365
306
101
2531
725
863
204
1398
104
57
1875
152
148
1980
1547
339
1847
1067
1460
1195
1950
2064
1202
445
1491
30
286
157
1775
63
2514
1766
815
1593
3094
967
417
1493
101
317
4258
1059
1534
331
4025
215
2677
1250
673
323
1652
1097
393
209
298
196
2414
2037
203
197
1514
345
306
511
731
424
806
3628
23
1299
107
1108
671
247
2572
1379
324
1640
2755
548
1334
2081
234
1485
1263
98
2240
3144
5330
680
6721
248
1173
618
4174
313
682
1496
727
5376
1025
613
4203
2287
305
2132
1790
262
1301
353
4389
241
1177
2077
562
896
1604
659
3729
1214
137
1268
169
543
1118
1734
1075
722
448
130
1005
1109
908
2872
2650
191
73
774
60
1805
256
19
353
2549
1983
1279
2051
1987
142
1143
193
1104
178
1842
181
1745
106
2107
89
1207
4887
1294
606
204
198
1967
760
960
980
299
1272
1174
762
92
940
794
2564
684
136
636
477
9
534
2364
4843
189
1636
32
1348
2598
1891
1
268
1302
1724
716
1078
507
120
931
1419
322
238
1400
436
1268
605
794
3780
23
69
1333
1568
1542
687
6995
256
473
324
1173
244
1242
761
392
878
394
597
842
0
30
119
2679
2177
524
184
2949
206
749
388
9
4107
687
2075
2443
739
1719
784
3471
2715
1705
198
362
1135
11
2094
4486
67
2911
1447
524
1258
1656
446
1705
674
144
3126
1383
842
1881
465
1557
56
1814
391
2010
282
2565
353
2842
547
371
1724
1743
178
301
