-0.928980
7.109901
-3.673428
1.276547
-5.442696
0.558644
2.551126
-0.735789
-6.938787
-1.963749
-3.885439
18.868480
1.694224
-2.023721
2.870920
8.025104
16.544075
-1.717739
-2.540081
-1.430424
8.377755
7.667191
4.214367
1.416281
1.830254
-3.542775
0.541463
-5.543355
-0.035829
-0.773145
12.804450
6.707883
-1.780382
-9.791487
-6.552745
-4.623945
-13.528401
-4.468858
-7.081335
-0.625801
-2.700992
4.715453
0.690152
-3.819724
3.913981
-6.561975
2.292085
0.222960
-3.371697
4.164630
1.271347
-11.779483
1.640616
-5.077034
-11.001605
4.822379
-6.069851
14.878809
3.451084
4.242088
4.585675
5.574847
9.780111
-3.637507
7.296221
10.801002
3.834430
0.054182
2.794007
-8.308394
12.203619
-1.131335
-5.089569
-0.557681
-4.069203
-7.119312
10.980375
3.247074
-2.525412
-2.082751
-28.028713
-12.579141
7.794239
3.877964
5.403772
-5.470194
-2.243085
1.468796
-5.101583
-2.373238
1.485678
2.944027
-4.252107
-5.104408
-1.303490
-0.990129
2.467566
1.319253
-5.380650
-4.934593
